word-1 word-2 pair
16830000000 5900000000 4390000000
1330000000 4710000000 412000000
1330000000 1330000000 1070000000
14730000000 10030000000 2740000000
8190000000 2270000000 1000000000
8190000000 9300000000 2790000000
1260000000 12770000000 600000000
2400000000 12770000000 3540000000
4590000000 6880000000 374000000
2810000000 7020000000 1710000000
17950000000 7020000000 4510000000
1780000000 879000000 441000000
814000000 610000000 285000000
181000000 665000000 92400000
2410000000 1750000000 615000000
1190000000 2420000000 306000000
8160000000 1190000000 434000000
5320000000 8160000000 1060000000
5310000000 397000000 156000000
13190000000 7000000000 2470000000
7000000000 10630000000 7340000000
7000000000 11650000000 1980000000
7000000000 5700000000 641000000
7000000000 756000000 194000000
7000000000 1560000000 285000000
159000000 1560000000 45400000
7120000000 14460000000 2860000000
7000000000 13490000000 2230000000
14730000000 4930000000 1690000000
7690000000 7140000000 2360000000
8750000000 2030000000 706000000
7180000000 2240000000 1750000000
1190000000 181000000 7560000
7730000000 123000000 38500000
7730000000 2450000000 1020000000
7730000000 57500000 15500000
412000000 76500000 9090000
217000000 1220000000 190000000
217000000 349000000 24800000
806000000 5790000000 238000000
1700000000 5790000000 828000000
52900000 5760000000 31400000
5760000000 1970000000 1710000000
5760000000 1750000000 1280000000
5760000000 1770000000 1480000000
1820000000 158000000 126000000
23000000 1610000000 3950000
23000000 491000000 1670000
23000000 1480000000 3620000
6660000000 612000000 338000000
10550000000 12340000000 11040000000
10550000000 184000000 178000000
10550000000 501000000 12480000000
10550000000 2640000000 16500000000
603000000 179000000 34700000
603000000 1690000000 353000000
6930000000 1690000000 307000000
1370000000 1690000000 168000000
187000000 211000000 134000000
187000000 185000000 60700000
6040000000 13190000000 1860000000
6040000000 1840000000 320000000
5950000000 1360000000 357000000
6040000000 3400000000 973000000
9260000000 3020000000 1720000000
6040000000 3140000000 577000000
13190000000 860000000 630000000
680000000 574000000 42700000
1350000000 1090000000 80500000
7120000000 236000000 98800000
2560000000 970000000 690000000
105000000 8740000 558000
153000000 414000000 17800000
40100000 240000000 6900000
198000000 421000000 30300000
11520000000 2220000000 2070000000
3150000000 999000000 47200000
3150000000 423000000 145000000
9570000000 1750000000 331000000
2590000000 252000000 34500000
423000000 1730000000 23700000
236000000 2590000000 36200000
1350000000 13190000000 960000000
252000000 365000000 7490000
339000000 474000000 28500000
11420000000 133000000 87600000
2560000000 6630000000 1250000000
2020000000 63700000 21100000
970000000 474000000 86800000
252000000 662000000 10500000
2560000000 2020000000 323000000
236000000 414000000 5040000
235000000 10540000000 29600000
7480000000 149000000 40400000
240000000 1640000000 25500000
137000000 1090000000 3430000
7150000000 2070000000 1060000000
7150000000 2260000000 1750000000
7150000000 1040000000 2480000000
7150000000 553000000 391000000
7150000000 9230000000 2030000000
7150000000 609000000 181000000
7150000000 7660000000 5340000000
7150000000 1260000000 378000000
7150000000 248000000 153000000
7150000000 59600000 44900000
7150000000 5780000000 642000000
1330000000 756000000 81500000
1330000000 87400000 17300000
1330000000 726000000 181000000
1330000000 773000000 135000000
1330000000 10270000000 946000000
1330000000 985000000 110000000
1330000000 228000000 21500000
1330000000 764000000 114000000
954000000 228000000 81100000
954000000 335000000 218000000
948000000 1040000000 209000000
954000000 817000000 237000000
954000000 998000000 181000000
954000000 2440000000 250000000
954000000 86900000 42400000
954000000 2950000000 343000000
954000000 11240000000 909000000
904000000 8400000000 674000000
954000000 651000000 171000000
954000000 61000000 54200000
1520000000 12340000000 848000000
1520000000 127000000 29100000
1520000000 1600000000 298000000
1520000000 5540000000 421000000
1520000000 1720000000 229000000
1520000000 6850000000 998000000
1520000000 34300000 8460000
356000000 3650000000 45400000
356000000 16340000000 50700000
356000000 58800000 7910000
356000000 6570000000 135000000
356000000 11850000000 116000000
356000000 12330000000 54700000
356000000 23300000 509000
3560000000 3360000000 1630000000
3530000000 1030000000 816000000
3530000000 11330000000 1400000000
3530000000 324000000 65400000
3530000000 1710000000 210000000
3530000000 478000000 29500000
3530000000 5930000000 1290000000
3530000000 11390000000 1830000000
3530000000 470000000 72500000
3530000000 1340000000 424000000
756000000 4700000000 415000000
756000000 12770000000 688000000
3250000000 686000000 257000000
686000000 1690000000 159000000
3250000000 822000000 306000000
8130000000 824000000 334000000
1550000000 2860000000 227000000
237000000 153000000 9590000
237000000 1430000000 162000000
1430000000 1610000000 244000000
1910000000 11120000000 481000000
1910000000 607000000 44800000
18050000000 9860000000 15070000000
380000000 3590000000 187000000
25270000000 2600000000 1240000000
810000000 6860000000 457000000
11120000000 7050000 13100000
15540000000 47600000 41400000
2210000000 18050000000 1710000000
2520000000 222000000 18800000
8130000000 17390000000 4630000000
610000000 2600000000 131000000
1320000000 3590000000 640000000
3010000000 418000000 157000000
6100000000 228000000 152000000
8280000000 13790000000 2370000000
3120000000 5400000000 2090000000
7740000000 11950000000 778000000
2640000000 9300000000 703000000
879000000 201000000 16100000
153000000 447000000 34100000
2150000000 1580000000 37000000
1910000000 20120000000 1340000000
1910000000 1490000000 442000000
1320000000 287000000 21400000
1320000000 18020000000 478000000
1640000000 9450000000 545000000
1610000000 11760000000 491000000
200000000 1610000000 74000000
1360000000 1610000000 191000000
6360000000 959000000 592000000
401000000 312000000 11700000
401000000 248000000 10500000
3150000000 959000000 298000000
1720000000 18020000000 546000000
1720000000 1610000000 121000000
562000000 3320000000 238000000
610000000 2670000000 177000000
551000000 1610000000 160000000
3590000000 1560000000 327000000
3070000000 5850000000 529000000
2420000000 875000000 158000000
2420000000 551000000 74400000
551000000 2670000000 257000000
12030000000 10300000000 5930000000
3400000000 118000000 64500000
3400000000 79300000 81400000
2240000000 1430000000 352000000
418000000 170000000 98200000
3330000000 1120000000 241000000
2670000000 1960000000 297000000
2670000000 89000000 33300000
612000000 938000000 201000000
13370000000 2670000000 2140000000
13370000000 3250000000 2030000000
7450000000 169000000 88700000
7560000000 1200000000 263000000
388000000 3580000000 109000000
34300000 9400000000 18500000
1610000000 1320000000 169000000
1610000000 2710000000 203000000
610000000 212000000 12800000
9270000000 6480000000 981000000
2250000000 12920000000 716000000
1480000000 1290000000 242000000
1480000000 3280000000 519000000
8030000000 1890000000 319000000
13080000000 1840000000 920000000
6460000000 9190000000 2420000000
6460000000 16250000000 4400000000
8790000000 580000000 1550000000
776000000 7130000000 480000000
4140000000 966000000 133000000
966000000 655000000 57200000
11570000000 8790000000 1910000000
15590000000 4430000000 2410000000
2960000000 8790000000 297000000
4380000000 770000000 323000000
770000000 6470000000 248000000
2120000000 981000000 338000000
2120000000 641000000 152000000
18400000 7320000000 7110000
5890000000 1370000000 297000000
10200000000 12590000000 8130000000
10200000000 4680000000 1800000000
10200000000 5710000000 1680000000
10200000000 7620000000 2670000000
7830000000 208000000 63600000
7830000000 10620000000 498000000
2480000000 11480000000 10600000000
8770000000 231000000 46400000
224000000 25270000000 145000000
17760000000 5780000000 896000000
17760000000 1310000000 743000000
139000000 9160000000 126000000
139000000 511000000 21400000
511000000 486000000 81000000
1040000000 10460000000 1660000000
34300000 2890000000 24700000
2890000000 7370000000 1550000000
1730000000 8770000000 214000000
1730000000 1310000000 101000000
1410000000 1310000000 155000000
1410000000 1990000000 1420000000
2090000000 451000000 218000000
2040000000 488000000 49400000
2090000000 1410000000 281000000
2090000000 1990000000 280000000
8050000000 7130000000 7320000000
7930000000 1640000000 2030000000
11480000000 7990000000 2280000000
7990000000 1500000000 381000000
3310000000 13040000000 2800000000
4850000000 11530000000 2590000000
9760000000 1310000000 764000000
1910000000 1810000000 45400000
1340000000 11030000000 1190000000
1950000000 5800000000 1540000000
15910000000 920000000 689000000
15910000000 11860000000 7890000000
423000000 386000000 45100000
15900000000 11130000000 5510000000
15900000000 467000000 207000000
1760000000 11130000000 1200000000
470000000 4290000000 259000000
470000000 11270000000 458000000
470000000 195000000 161000000
195000000 11270000000 184000000
195000000 2480000000 128000000
11260000000 3370000000 2480000000
22270000000 7650000000 1940000000
11760000000 20040000000 8460000000
11450000000 5460000000 2220000000
15900000000 3580000000 2230000000
1090000000 3580000000 202000000
3200000000 976000000 760000000
2570000000 404000000 27800000
16220000000 2690000000 1410000000
20210000000 6540000000 3550000000
6700000000 79900000 73000000
6700000000 13060000000 1420000000
20210000000 602000000 504000000
13060000000 4070000000 1710000000
4070000000 299000000 167000000
13060000000 18470000000 2690000000
18470000000 13860000000 23300000000
18470000000 421000000 216000000
753000000 14300000 11500000
646000000 1040000000 80100000
1040000000 7660000000 342000000
13290000000 1430000000 1330000000
2600000000 13290000000 1790000000
8720000000 2460000000 484000000
2800000000 9050000000 1900000000
633000000 28100000 3380000
890000000 724000000 71900000
678000000 16650000000 183000000
1120000000 8530000000 782000000
138000000 858000000 56000000
138000000 2380000000 38000000
5570000000 2190000000 1140000000
1110000000 204000000 180000000
11100000000 466000000 367000000
12580000000 6840000000 10970000000
1040000000 8360000000 192000000
1200000000 1830000000 201000000
3230000000 4630000000 324000000
1720000000 7660000000 283000000
8030000000 4280000000 644000000
11620000000 36000000 35400000
9330000000 3230000000 1120000000
1530000000 16860000000 1140000000
8530000000 7790000000 928000000
9520000000 10780000000 4060000000
10780000000 9450000000 2530000000
7590000000 11540000000 3380000000
688000000 11540000000 598000000
2460000000 151000000 47200000
476000000 137000000 8820000
1630000000 40400000 7540000
7020000000 1240000000 791000000
1920000000 2600000000 313000000
1200000000 10200000000 257000000
6800000000 15240000000 4430000000
680000000 15240000000 147000000
1230000000 4920000000 264000000
1530000000 95300000 7210000
1530000000 556000000 42900000
2690000000 849000000 526000000
525000000 11790000000 346000000
420000000 10870000000 265000000
10200000000 1910000000 557000000
